i	P(x)	Li	Ls
0	0.60653	0.00000	0.60653
1	0.30327	0.60653	0.90980
2	0.07582	0.90980	0.98561
3	0.01264	0.98561	0.99825
4	0.00158	0.99825	0.99983
5	0.00016	0.99983	0.99999

Random	Grupo pertenencia
0.38091	0
0.97110	2
0.60734	1
0.00356	0
0.07002	0
0.07783	0
0.71737	1
0.50624	0
0.94909	2
0.90991	2
0.26131	0
0.99813	3
0.25034	0
0.02772	0
0.41698	0
0.88190	1
0.08138	0
0.81024	1
0.30722	0
0.08943	0
0.78868	1
0.36072	0
0.80435	1
0.11697	0
0.38869	0
0.37631	0
0.35886	0
0.60229	0
0.92449	2
0.59968	0
i	P(x)	Li	Ls	Count	Porcentaje
0	0.60653	0.00000	0.60653	19	63.33%
1	0.30327	0.60653	0.90980	6	20.00%
2	0.07582	0.90980	0.98561	4	13.33%
3	0.01264	0.98561	0.99825	1	3.33%
4	0.00158	0.99825	0.99983	0	0.00%
5	0.00016	0.99983	1.00000	0	0.00%
