i	P(x)	Li	Ls
0	0.00001	0.00000	0.00001
1	0.00007	0.00001	0.00008
2	0.00044	0.00008	0.00052
3	0.00177	0.00052	0.00229
4	0.00531	0.00229	0.00760
5	0.01274	0.00760	0.02034
6	0.02548	0.02034	0.04582
7	0.04368	0.04582	0.08950
8	0.06552	0.08950	0.15503

Random	Grupo pertenencia
0.85227	8
0.67045	8
0.79545	8
0.83523	8
0.61932	8
0.64205	8
0.37500	8
0.24432	8
0.52273	8
0.01705	5
0.17614	8
0.31818	8
0.40909	8
0.34659	8
0.82955	8
0.93750	8
0.92614	8
0.55682	8
0.11932	8
0.48295	8
0.23295	8
0.15341	8
0.58523	8
0.53977	8
0.06818	7
0.32955	8
0.77841	8
0.78409	8
0.46591	8
0.18182	8
0.00000	0
0.12500	8
0.16477	8
0.95455	8
0.97727	8
0.71023	8
0.57955	8
0.85795	8
0.35227	8
0.51136	8
0.65341	8
0.74432	8
0.68182	8
0.15909	8
0.26705	8
0.25568	8
0.89205	8
0.45455	8
0.81818	8
0.56818	8
0.48864	8
0.92045	8
0.87500	8
0.40341	8
0.66477	8
0.10795	8
0.11364	8
0.80114	8
0.51705	8
0.33523	8
0.46023	8
0.50000	8
0.28409	8
0.30682	8
0.03977	6
0.91477	8
0.18750	8
0.68750	8
0.84659	8
0.98864	8
0.07386	7
0.01136	5
0.49432	8
0.60227	8
0.59091	8
0.22159	8
0.78977	8
0.14773	8
0.90341	8
0.82386	8
0.25000	8
0.20455	8
0.73864	8
1.00000	8
0.44318	8
0.44886	8
0.13068	8
i	P(x)	Li	Ls	Count	Porcentaje
0	0.00001	0.00000	0.00001	1	1.15%
1	0.00007	0.00001	0.00008	0	0.00%
2	0.00044	0.00008	0.00052	0	0.00%
3	0.00177	0.00052	0.00229	0	0.00%
4	0.00531	0.00229	0.00760	0	0.00%
5	0.01274	0.00760	0.02034	2	2.30%
6	0.02548	0.02034	0.04582	1	1.15%
7	0.04368	0.04582	0.08950	2	2.30%
8	0.06552	0.08950	1.00000	81	93.10%
